0.000000000000	0.000000000000
-0.198910064440	0.000046299856
-0.188817250154	0.000040149095
-0.178674471652	0.000034169188
-0.168998027991	0.000029556117
-0.158955178749	0.000027505863
-0.148745781639	0.000026480736
-0.138819516464	0.000025626464
-0.128809977458	0.000024259628
-0.118883712690	0.000025284755
-0.108757590450	0.000023405356
-0.098814671285	0.000022038520
-0.088855097517	0.000022209374
-0.078962143173	0.000021355102
-0.068935950592	0.000022551083
-0.058876448608	0.000018792285
-0.049116733306	0.000018621430
-0.038840719283	0.000021355102
-0.028697943904	0.000021525956
-0.018788335979	0.000021184247
-0.009295098324	0.000016912885
0.000997569662	0.000019133994
0.011107034607	0.000018108867
0.021199844541	0.000019988266
0.031059487047	0.000015375195
0.040852510149	0.000016058613
0.050778771460	0.000017938012
0.060988164175	0.000017938012
0.071314140275	0.000018621430
0.080923959772	0.000015033486
0.090716981872	0.000016742031
0.100776480558	0.000015546049
0.110819324238	0.000014179214
0.121095334888	0.000016912885
0.130821736988	0.000014520923
0.140864580049	0.000017083740
0.150840803713	0.000014691777
0.160950265549	0.000014008359
0.170976453192	0.000012983232
0.181152533795	0.000013666650
0.191112101839	0.000015033486
0.201055014883	0.000010078706
0.210764760592	0.000009053579
0.221223971876	0.000008711870
0.231233503484	0.000008541016
0.241076486944	0.000008711870
0.250786231855	0.000008370161
0.260695834095	0.000005465635
0.270888567616	0.000004098799
0.281014681753	0.000003073672
0.290890973793	-0.000000514272
0.300667336879	0.000002048545
0.310993307899	0.000000340000
0.320919563705	-0.000002393671
0.330962402847	-0.000002906235
0.340655491175	-0.000004443925
0.350648365538	-0.000003931362
0.360607930116	-0.000007348451
0.370767351968	-0.000009056996
0.380843499661	-0.000010252978
0.390869682778	-0.000011107250
0.400779282167	-0.000011107250
0.410655571779	-0.000015036903
0.420931576103	-0.000017087157
0.430974413182	-0.000020162538
0.440983940480	-0.000021358519
0.451226634590	-0.000021871082
0.461002994459	-0.000028534407
0.470662770627	-0.000028363553
0.480872154541	-0.000034685169
0.490998264313	-0.000037247986
0.501107719089	-0.000041177639
0.511067280591	-0.000046303274
0.520976877536	-0.000052624889
0.530969748200	-0.000058946505
0.540912654307	-0.000068001793
0.551138691533	-0.000077569644
0.560731846780	-0.000085599805
0.570941228807	-0.000097901328
0.580984062793	-0.000114986776
0.591010241791	-0.000132755642
0.600719979727	-0.000153258180
0.610796122663	-0.000174956700
0.620872265390	-0.000204685380
0.630665276635	-0.000238172859
0.640791383293	-0.000276444263
0.650750941939	-0.000317107631
0.661043595978	-0.000363580050
0.670903225533	-0.000419107758
0.680679580992	-0.000476002302
0.690855650947	-0.000542464696
0.700815208569	-0.000611489909
0.711124516329	-0.000687178446
0.720617739759	-0.000766454927
0.730827118434	-0.000852736443
0.740819984793	-0.000942264194
0.750846160501	-0.001038796980
0.760789062120	-0.001137209165
0.770548761000	-0.001236988186
0.780641555199	-0.001338475752
0.790601110985	-0.001450043734
0.800510702243	-0.001561270007
0.810470257623	-0.001674546534
0.820879491708	-0.001786797934
0.830689153706	-0.001903149843
0.840948494395	-0.002026165077
0.850841429855	-0.002146617494
0.860834293753	-0.002265019657
0.871176907670	-0.002383250966
0.881286354556	-0.002504215948
0.890912812846	-0.002626206057
0.900922330693	-0.002747000185
