0.000000000000	0.000000000000
-0.198960028867	0.000016400322
-0.188450844359	0.000019133994
-0.178641162035	0.000017596303
-0.168814825101	0.000015546049
-0.159088417212	0.000017596303
-0.149012258559	0.000017425449
-0.138436455899	0.000016229467
-0.128726703424	0.000015887758
-0.118717164625	0.000019304848
-0.108724280838	0.000018450576
-0.098581504003	0.000018621430
-0.088588620629	0.000016742031
-0.079112036419	0.000015716904
-0.068819366958	0.000018450576
-0.058876448608	0.000018108867
-0.049150042914	0.000017254594
-0.039173815358	0.000011787251
-0.029264207220	0.000016058613
-0.018854955191	0.000018621430
-0.008962002269	0.000017083740
0.001030879266	0.000017938012
0.010890522181	0.000015204340
0.021149880136	0.000016400322
0.031126106253	0.000017596303
0.040935784155	0.000016400322
0.050762116660	0.000016229467
0.060621758567	0.000016229467
0.070781186675	0.000015546049
0.080940614571	0.000016058613
0.090850220266	0.000017767158
0.100959683347	0.000019988266
0.110935907829	0.000019475703
0.120579036141	0.000014179214
0.130771772594	0.000014862631
0.140864580049	0.000019133994
0.151024006483	0.000021525956
0.160700443595	0.000017596303
0.170909834006	0.000017083740
0.180869402259	0.000017767158
0.191112101839	0.000020159120
0.201138288861	0.000018963139
0.211031237315	0.000017254594
0.220840911594	0.000015033486
0.230917062388	0.000017596303
0.240959903385	0.000015716904
0.251069363351	0.000017596303
0.260695834095	0.000016571176
0.270472197787	0.000014691777
0.280598311933	0.000012641523
0.291090831303	0.000010932978
0.300933813554	0.000012812378
0.310993307899	0.000011103833
0.320536503501	0.000006319907
0.330929093264	0.000000852564
0.340772074710	-0.000007006742
0.350798258652	-0.000011619813
0.360824442388	-0.000018624847
0.370933899865	-0.000029046971
0.380543713451	-0.000045278147
0.390753099254	-0.000060142487
0.400712663012	-0.000078594771
0.410822119662	-0.000098926454
0.421014850043	-0.000127288299
0.430824520093	-0.000157187833
0.440900666543	-0.000189991894
0.451093396294	-0.000231338679
0.461136232752	-0.000273368883
0.471312307293	-0.000324625228
0.480788880611	-0.000378444391
0.491148157384	-0.000437730897
0.500757968598	-0.000510514908
0.511033971021	-0.000579710974
0.520743710551	-0.000661379418
0.530919783847	-0.000745610680
0.540879344739	-0.000838555521
0.550905524562	-0.000938505396
0.560898394613	-0.001042897488
0.570841300109	-0.001153782050
0.580834169750	-0.001270988229
0.591076860920	-0.001394345170
0.600853217982	-0.001532053889
0.610829432226	-0.001669250044
0.621088777546	-0.001812426108
0.630898443567	-0.001969441385
0.640624835488	-0.002134486825
0.650551084577	-0.002302436791
0.660993631638	-0.002482175718
0.670803296856	-0.002668065408
0.680929402680	-0.002866940040
0.690689103159	-0.003074699108
0.700765244234	-0.003291000901
0.711041242438	-0.003518408238
0.720701013648	-0.003758800518
0.730843773212	-0.004007052106
0.740736710908	-0.004267946930
0.750829505724	-0.004541997551
0.760955609885	-0.004828178845
0.770798582641	-0.005127003374
0.780874722059	-0.005441888228
0.790667730087	-0.005765999229
0.800444083143	-0.006106341411
0.810753388794	-0.006456934866
0.820746253513	-0.006818975577
0.830522605965	-0.007196734907
0.840848565753	-0.007597559600
0.850558298709	-0.008002143096
0.860900912845	-0.008413219069
0.871010359944	-0.008836938280
0.881336318873	-0.009269029367
0.891229253513	-0.009709834040
0.901088878409	-0.010163965371
