0.000000000000	0.000000000000
-0.198676897111	0.002006000727
-0.188867214581	0.002010784652
-0.178807710120	0.001991990660
-0.168898099142	0.001990282115
-0.158738666247	0.001992332369
-0.148745781639	0.001984985627
-0.138469765514	0.001969779578
-0.129126418788	0.001961749418
-0.118617235786	0.001959870019
-0.108507768358	0.001957648911
-0.098814671285	0.001954573530
-0.088605275435	0.001955598657
-0.078995452783	0.001955598657
-0.069169117859	0.001947226788
-0.058843138999	0.001949618750
-0.048700363204	0.001945176534
-0.038840719283	0.001949960459
-0.028914456348	0.001948764478
-0.019021503222	0.001944151407
-0.008962002269	0.001935437829
0.000997569662	0.001941930299
0.010873867379	0.001939538336
0.021482976170	0.001933900139
0.031176070657	0.001916814691
0.041102332165	0.001914422729
0.051078557873	0.001900925225
0.061054783376	0.001895970445
0.071247521075	0.001893578483
0.080923959772	0.001876151326
0.090716981872	0.001874101073
0.101176195733	0.001872392528
0.110919253030	0.001857357334
0.120678964930	0.001854281953
0.130821736988	0.001845055812
0.140864580049	0.001845910084
0.150924077700	0.001842834704
0.160750407986	0.001840101032
0.171059727175	0.001830874890
0.180952676240	0.001825578402
0.190928899084	0.001818744223
0.201188253248	0.001807809536
0.211064546906	0.001800804503
0.220940840363	0.001793116051
0.231083610333	0.001784915036
0.240643462295	0.001766121044
0.250802886649	0.001755869776
0.260978965584	0.001741005436
0.271071770341	0.001724774261
0.281014681753	0.001702904888
0.290824354623	0.001682573206
0.300700646464	0.001655919907
0.310710176438	0.001627728919
0.320819634956	0.001598341949
0.330795854935	0.001561437382
0.340688800756	0.001521115726
0.350981461347	0.001477206125
0.360907716338	0.001428341745
0.370767351968	0.001377939674
0.380510403872	0.001323778805
0.390719789676	0.001264834010
0.401079068364	0.001199225890
0.410905393604	0.001127467010
0.421131433559	0.001050411640
0.430941103607	0.000971135162
0.440917321331	0.000891858683
0.450793610128	0.000800451537
0.461152887539	0.000704602174
0.471129104644	0.000606873411
0.481138631117	0.000507777812
0.491181466955	0.000400652052
0.500641385101	0.000283104169
0.510850768387	0.000167435685
0.521093461028	0.000044420457
0.530936438631	-0.000082011861
0.541262404770	-0.000214594940
0.550738976726	-0.000353328781
0.560898394613	-0.000491379205
0.570791335760	-0.000640876880
0.580900788881	-0.000794987627
0.591126825267	-0.000951148628
0.600670015381	-0.001117560899
0.610762813100	-0.001290123932
0.620722372359	-0.001468325164
0.630865134005	-0.001652164595
0.641024550220	-0.001844205043
0.650617703697	-0.002044446507
0.660460678684	-0.002255110096
0.670586784722	-0.002473462139
0.680796164446	-0.002698819217
0.690922270062	-0.002935452693
0.700931792019	-0.003178407787
0.710908004213	-0.003438448332
0.720684358870	-0.003708227586
0.730793808879	-0.003988258111
0.740886603902	-0.004277002218
0.750979398715	-0.004582148359
0.760722443015	-0.004896008083
0.770448832344	-0.005223536169
0.780841412508	-0.005563024074
0.790717694413	-0.005917547178
0.800793833419	-0.006280613011
0.810453602849	-0.006655809518
0.820579705769	-0.007047066353
0.830356058225	-0.007449257880
0.840748637111	-0.007872806226
0.850808120309	-0.008299088250
0.860867603299	-0.008735108985
0.870927086081	-0.009181210142
0.880670127981	-0.009641663085
0.891129324882	-0.010106045687
0.901138842724	-0.010583754947
