0.000000000000	0.000000000000
-0.198843445203	0.002185568779
-0.188733976110	0.002158915481
-0.178857674546	0.002136704400
-0.169097956840	0.002120302370
-0.158655392207	0.002111076229
-0.148729126831	0.002100141542
-0.138719587621	0.002090231983
-0.129059799560	0.002079297296
-0.118883712690	0.002074684226
-0.108774245256	0.002067679192
-0.098847980896	0.002062895267
-0.088855097517	0.002058794760
-0.079128691224	0.002054010834
-0.068885986178	0.002049910327
-0.058876448608	0.002044613838
-0.048933530461	0.002042563585
-0.038923993302	0.002040342476
-0.028847837135	0.002039659058
-0.019071467631	0.002031799753
-0.008945347466	0.002030432917
0.001047534069	0.002028724372
0.011090379805	0.002025307283
0.021149880136	0.002022231902
0.031176070657	0.002018814813
0.040769236144	0.002015056014
0.051128522275	0.002012664052
0.061021473775	0.002011809779
0.071031008675	0.002001045947
0.080824030974	0.001997628858
0.090617053076	0.001996262022
0.100959683347	0.001993528350
0.111002527023	0.001991648951
0.120962096501	0.001987548444
0.130671843806	0.001984814772
0.140931199239	0.001984473063
0.150840803713	0.001977468030
0.160767062783	0.001973880086
0.170759940837	0.001973196668
0.180702854297	0.001968071034
0.191078792247	0.001964995653
0.201038360088	0.001960040873
0.210931308544	0.001960211728
0.220907530774	0.001955086094
0.230967026772	0.001953890112
0.240776700649	0.001945859952
0.250869505824	0.001941588590
0.260862382030	0.001937658937
0.270988496375	0.001935608683
0.280748205068	0.001932191594
0.290624497113	0.001925699124
0.300850539593	0.001923478016
0.310860069565	0.001916985546
0.320886254122	0.001913397602
0.330829164518	0.001905880005
0.340638836384	0.001900925225
0.350881532604	0.001896483009
0.360874406758	0.001888452848
0.370784006758	0.001882985505
0.380760225714	0.001874955345
0.390703134887	0.001869829711
0.400512805548	0.001857015625
0.410755500509	0.001847447774
0.421114778771	0.001833779416
0.431041032333	0.001823528148
0.440900666543	0.001810884917
0.451093396294	0.001794141178
0.460969684885	0.001775176331
0.470995866353	0.001760995410
0.480972083257	0.001735367239
0.491131502598	0.001714010429
0.500924516451	0.001682402351
0.510800804032	0.001649427437
0.520893603612	0.001613206288
0.531086331690	0.001572713777
0.541029237795	0.001526241360
0.550655702808	0.001475839289
0.561031632879	0.001421507566
0.571024502721	0.001358633118
0.581017372359	0.001292341581
0.590926967880	0.001221266118
0.600636705817	0.001143869040
0.610896051352	0.001064079998
0.620838955828	0.000974723106
0.630731895758	0.000883828523
0.640841347634	0.000788320869
0.650867525400	0.000691104670
0.660593916922	0.000582612075
0.670886570753	0.000474119479
0.680912747900	0.000364260048
0.690972234399	0.000248933273
0.701065030246	0.000131385389
0.710858039879	0.000007515889
0.720634394537	-0.000118403866
0.730727189770	-0.000244152766
0.740903258679	-0.000372806193
0.751095982152	-0.000500605347
0.760539240474	-0.000636434663
0.770465487120	-0.000771751417
0.780658209975	-0.000905701334
0.790767658739	-0.001043239197
0.800810488194	-0.001178726806
0.810420293299	-0.001315752105
0.820579705769	-0.001455340223
0.830655844158	-0.001595099196
0.841031768264	-0.001739812949
0.850874739402	-0.001880938759
0.861000841482	-0.002017793206
0.870943740853	-0.002156356200
0.881086497289	-0.002297823720
0.891096015338	-0.002434336460
0.901005604551	-0.002570507492
